%training
trainingInput = [0 0;3.14159265359 6.28318530718;1.57079632679 0;0 3.14159265359;1.57079632679 3.14159265359;0 1.57079632679;1.57079632679 1.57079632679;0.785398163397 6.28318530718;3.14159265359 3.14159265359;3.92699081699 3.14159265359;5.18073315001 0.412792143979;3.36036265281 2.97004852826;5.41034963458 0.204308416538;3.36730484687 2.19670575919;0.40850595634 10.2332872422;3.16244228668 3.91787445819;2.40674474309 4.10811089525;0.0538511827384 2.86864218785;3.53882901807 1.6998535675;0.843672974254 0.794431301177;3.89327424382 1.8301836573;3.92307494603 0.836048381504;2.41490256829 3.93741153737;0.562709664136 10.1106729726;1.08887996854 5.63445435006;3.62021969796 0.878560550669;4.95395672439 0.827331477048;4.33851446107 3.73257723047;0.504424766525 9.88444156051;1.14951159013 0.412241340693;2.68565144125 5.29423181387;1.89783867 4.28352552293;0.754628845778 2.47833838782;1.73390670596 8.53448458882;1.4430171122 9.05379783967;4.92649511537 0.965239022377;4.17276590968 0.931251290501;3.46895486689 0.32970629997;2.56916957631 5.68858165609;3.57272198946 1.19590587391;4.04964864984 1.76503755788;3.09216905808 1.37731364136;3.9688333627 0.41200618241;4.14872414085 1.94365606809;2.25416878746 5.73922962968;4.16251313012 2.78016924251;3.77172048926 3.69601567151;0.94954234104 1.9710758757;2.10241375433 8.3483018593;3.38240388527 0.351096239915;5.16736489562 1.2506520655;4.46255610524 2.85333639491;6.04998342737 0.326548444314;1.17867920283 2.28918482017;3.15328773118 0.422418984989;0.396752943675 10.9834861747;4.83874519958 1.22902677015;3.3955014288 2.96212114104;0.657132429208 5.03821364932;0.875658193548 7.43688302839;4.93953219765 1.93463333155;1.72093325849 0.584328512963;6.24843525322 0.0694506615464;3.58589179174 0.164568894805;1.37007797783 3.66302413228;3.7853190596 3.84434886393;6.22411881212 0.0518095139395;5.92897480224 0.30789769028;3.87692024524 1.8671431645;5.08078740283 1.34130507322;1.95408609377 6.9144518913;0.127727905454 0.996295765011;0.734633933255 0.651914148959;1.94585450316 5.58030156784;0.425371805544 3.04703930203;2.18223063181 3.36251390578;5.9536547901 0.653379029682;3.13958697546 3.91953972779;5.28953858808 0.292873921235;3.28708922827 0.247456729932;1.24287002756 3.29021870602;3.38089541661 1.35091704432;0.839728756293 6.078463633;1.61347640364 0.34499688455;4.40941579242 2.38285079096;5.97772127917 0.547488264766;4.70432259936 1.45563217149;2.08871816631 8.26092970886;4.18441913904 1.42909987763;5.8410388855 0.490758209363;0.882703754686 10.6594453767;1.8319682172 8.78952164814;4.76985333929 0.618173969168;3.13113393914 5.24837054962;3.56423609697 2.58516357592;2.49674026864 6.94939354295;5.29318956766 0.103040741227;2.21925421012 8.11156812007;2.43205903112 6.2339885462;1.532830381 7.55217885102;5.77704322933 0.225992895404;6.03786258749 0.321051950945;0.620044064424 3.62556266739;3.70839199144 0.111131707456;4.94704165437 2.14898515324;3.84243059766 0.75053683515;0.502610581703 3.49076742247;3.52148036133 2.29931846798;4.83992212773 0.620696554172;1.75711030468 1.76419049265;5.72440691677 0.764520835746;6.01793665191 0.378440260781;3.08713526343 4.56957029324;2.39454957644 6.20120558994;5.44796010981 1.22574992141;3.69672571042 4.21523912729;4.84896134168 1.94261126236;0.46278504403 0.606443369552;5.05094289343 2.12940866334;5.88649638274 0.204690405668;0.15233882506 6.7619426761;1.09021710626 4.58691928208;2.879308448 6.26015558942;4.07971364171 0.934752547814;4.18896127133 3.50428545785;1.0347051327 9.6396908849;4.82243132647 0.246544335849;2.43948570287 6.88376108609;5.92713186693 0.535727386235;1.29211147415 0.561586987857;4.66555102982 2.39640135923;5.08089964977 2.1175650175;4.49454982668 1.17616695876;5.90013902196 0.24119912777;1.44530486601 1.07312868454;5.62630327467 1.05808141961;3.7744357326 4.21641670906;2.79013997434 1.0370520957;3.69573224271 0.464746964353;5.88864443161 0.309151836875;5.88504505454 0.574901816822;1.12210667681 2.74718376311;5.7850782399 0.829585802818;2.07315160522 3.38898465131;0.253284802294 9.2133159028;5.8919009962 0.311713701322;4.58840605436 2.19216252603;1.36379562894 5.9784478746;1.44648225002 6.8642176315;2.03763704747 3.22296659514;4.07802109498 2.01087178216;0.937854156373 10.2403825535;1.61301518374 4.60082787728;2.38797927548 6.3413588145;4.69515045828 1.99789917594;3.90016521656 1.76122611959;3.75227193624 0.325770192596;1.2281715144 2.38833718111;5.03069023325 1.69021145747;3.14581490748 3.2874791698;4.49304603211 0.986639220865;0.314706361638 7.77828169622;4.90637344368 0.243264114229;6.02572167054 0.373308083576;3.76142867482 0.654513776581;1.18687424126 6.87610403226;1.124659533 7.48083250498;1.25750011569 0.823810114099;1.99303484904 4.72394593642;5.26235453688 1.62821874002;3.12077138699 2.47382371335;2.43811767043 0.726633834654;0.802321115615 1.50309557445;1.68171309775 4.89535661871;0.939808549566 2.01707918526;1.87696569969 6.48479930883;0.754216876595 2.27615474388;1.78130969248 0.0559819609458;2.4637686978 7.2157757825;3.78488420139 4.70801526029;2.2672401509 5.5095260833;4.72748946503 2.30244648534;2.70573408441 2.52477510005;4.76100335046 0.721287532948;4.80987679131 2.40210030693;5.2875931802 0.928374800174;1.43809462373 7.66045330748;3.06408294639 1.66862938744;5.11518570522 1.54585954274;1.12239991435 9.3456984866;5.87096791301 0.543938403491;1.22519738967 2.25126016346;3.20573745783 2.58903136378;5.47331164773 1.43573656713;0.305593429705 3.93756955376;5.44686246638 0.279237890238;5.59259688884 0.587238655698;2.43937020637 3.80683827554;1.92565737601 0.271818486427;1.9655476919 4.53340716182;1.28691006169 5.02840491511;1.00407187112 2.71543052634;2.97564156678 1.64502958221;2.78401835557 5.03745663353;2.36725107739 4.43584371776;3.74668055425 4.00148105451;5.58390292425 0.925888763503;4.95144086379 2.52276620856;5.96415911046 0.487512636939;2.54268197272 7.1832714368;3.92918246273 1.12619936913;6.14217777586 0.0270705149599;1.68808006828 6.30720512223;5.41296812732 0.160010702133;3.30190241025 5.95436182471;3.25752550433 2.89793560303;5.24684641725 1.54196555387;0.494192921735 7.40871069655;4.55769195377 3.40163967223;4.0150774546 4.20766451324;1.94770777163 7.36743945102;4.07909105844 1.17594201232;4.6228220003 1.82304357255;0.054631122261 8.4177965183;3.30668270897 2.09690223497;0.0326849963292 3.93838311423;5.90668549217 0.421045242148;1.35381080457 8.22466584986;1.63499128431 6.20932932757;2.98239519047 2.85519287616;2.08566198522 3.76382374227;0.0193724474656 8.41538493876;5.1407731577 1.6163018085;6.05708684117 0.325045735933;3.15111970525 2.82849303899;5.36813516769 0.977515104544;1.23317138863 8.08490899837;5.95915827685 0.191844067576;4.80755079094 2.4119648594;0.565364229329 3.35381114077;0.836532779707 1.07699584305;5.96556380864 0.224611828986;4.24995949092 3.20313308962;1.87932786794 8.28029943204;2.63831588785 7.18616131184;4.05868905909 2.40486797585;5.58035087118 1.34899315454;0.480541303571 10.8359703699;3.53688543458 1.47995282094;5.56726978233 1.23171011982;5.54777576586 0.696721607294;4.55775645257 3.18671257245;1.12126961678 1.80714236757;5.5146429689 1.50085228021;1.08897630204 6.11320327881;3.75303767545 3.2518471434;0.228068971186 9.05920812681;5.23518075655 1.62967080103;3.03549436757 3.57858164363;3.93821157562 0.449229850334;3.97755806762 3.1783786503;5.0911273979 0.97570879872;2.06132143983 5.66379366067;4.77828223264 1.4260293125;2.46366327139 6.68609820885;4.81708471329 2.09690580963;4.23335749833 1.91368366588;3.99889370407 4.43294899363;0.582632971186 8.66343873473;4.73196409792 1.57898746277;0.915707984068 0.380212709344;4.97253765314 1.467303537;4.81538097246 1.40459535557;2.84578523716 1.58857493592;3.79020834909 2.74308494487;2.56227904351 3.28376434481;3.09141468703 4.86705914486;2.95989997356 2.10416409997;2.22831764105 7.62640720616;0.322158836714 7.65820398262;4.77078117568 0.562100495973;4.99800242882 0.273874390329;0.000752916723223 0.974562447381;0.221659338258 9.8193029819;4.59949053257 