%training
trainingInput = [0 0;3.14159265359 6.28318530718;1.57079632679 0;0 3.14159265359;1.57079632679 3.14159265359;0 1.57079632679;1.57079632679 1.57079632679;0.785398163397 6.28318530718;3.14159265359 3.14159265359;3.92699081699 3.14159265359;0.155271911161 1.77382909412;5.05122633528 1.66859392947;2.17215112205 8.1924009656;1.29342277015 2.81960121832;3.93150090577 1.46776541291;0.963084402448 8.29301442032;5.98814675813 0.152103101412;0.771108060891 8.50155335644;1.64687688259 7.10788335293;2.94685299817 2.83669397277;6.17113298917 0.159401737032;2.60443945226 5.09209227705;4.26851599584 1.37212427962;0.321232018104 9.38136447312;4.4109235744 2.1835853747;0.744823961839 4.08205002225;2.64768085714 0.0731390114863;5.76411208064 0.622760045137;0.526380204859 8.02265043957;5.89694317193 0.504054376567;2.43638528261 0.345422099226;0.340890710923 2.24484499704;1.09255885266 1.74184149121;5.83916338293 0.42200916166;1.19158753283 4.64444820194;6.08377802038 0.207674726339;6.22468773107 0.0953240874636;4.11589147258 2.95821116911;1.33928655936 7.94596835071;0.321561058249 11.5437739795;4.49083267725 1.08577123207;4.35031937766 2.55845615556;3.10418068942 4.47279123995;0.867909276669 7.11690172911;1.08931185739 10.1237137823;4.03631869277 4.3213187023;2.85690628024 0.943924077608;1.78269389286 5.24390908037;0.955281438779 3.93605752357;0.811217366902 6.27311505143;5.47203943922 0.217483257697;1.52813904677 5.77552721625;4.84721198516 0.234914478982;1.00499726282 10.1263809453;1.72075892914 8.78327204111;2.5749475765 6.59179500082;3.65503489406 3.79475868575;2.89179542095 6.2564448304;4.63080377258 1.93147963596;5.44025602483 0.715528340221;2.24406618963 6.5205143663;0.525137687367 1.56030163095;3.66788800245 1.00306429304;4.84658608249 0.136955339442;5.01816837898 1.83020726322;1.88002983104 8.28301099389;4.19797696915 2.82428554938;2.87559212927 2.62071989299;2.69433031183 4.30537886273;4.23207142361 2.27955982704;4.09680629856 2.8341434134;1.75887192541 0.0458943476009;4.63935273082 0.268512409466;0.147369549299 9.49612704332;4.0123094047 3.2705967414;6.20083202653 0.0918390570774;4.76928372802 3.02639720804;3.92743116753 3.79108284521;3.89278885858 0.428547380074;3.2948965924 0.197724501244;5.43176588963 0.223057536149;1.96110185892 0.475799352051;0.0315593978257 7.73308387216;0.107684118624 4.17346038437;0.139106897232 4.03669429361;3.51497023957 2.3086221783;1.94624618103 7.53504626774;2.21800984741 3.94666125414;4.08474339479 3.59783757937;5.05420140783 1.94071696486;5.60566373372 0.349615243501;2.78002715867 0.053590273055;5.5301514469 0.0480399294673;0.958253356714 5.46173495877;3.348444266 0.459398899551;5.44751233667 0.765600305377;2.42445508818 3.78415232082;2.3814067649 4.97463797031;3.99333961954 3.34111537066;3.33584067698 4.65327456206;5.78936765354 0.818589046987;4.1330796544 1.62722536275;1.8948192058 0.345787926157;5.7359122392 0.85841528519;5.84592942065 0.862808415601;5.42029791756 1.68572585155;0.852889346506 2.99112566066;0.651788862723 3.83284609899;4.15539703734 4.24945911179;4.47126039515 2.45788220267;5.91805605391 0.138368776325;1.34681492973 1.53031746529;5.19942635886 1.35809572724;4.68465265859 3.01905751968;5.19333792974 1.32629143231;0.851898459011 7.84400446941;2.46975058555 5.8478153197;4.6027594253 0.875130926701;4.34033653615 1.77439978555;4.01760228968 2.73785630751;0.201202612141 5.21579930364;0.0303737498256 4.98582362704;0.0963244778626 2.94132327397;3.07609499813 3.58562298815;0.892985464893 6.5605911795;3.53244471286 1.3915767618;6.22523751711 0.0102828042117;3.8607706234 1.14926233709;3.43230603252 0.553532564654;1.24506249985 4.61120247615;3.54447003708 0.327447263578;0.730436529175 5.01450794704;3.69005631548 4.17730645199;3.53075781682 5.40632072702;4.94601702958 0.196657179563;1.64757278751 9.26123502851;0.545312392869 6.65686534835;3.14519337635 4.36762855578;4.62914544332 0.437435084587;3.83535516772 3.07948132984;3.32020649162 3.76544655632;0.281992709872 1.8753962064;3.62537429065 4.81002949908;0.909110643396 3.87905897344;2.51790991238 5.80849727517;3.39795371534 4.42809827103;5.88438299875 0.464739125485;0.109009492214 6.045207454;4.71837581122 1.25951063721;1.18167172475 5.91056435248;6.11919863884 0.0200761716766;2.32229493779 1.75417983562;5.79111044734 0.241365584;3.38959956128 2.79604055325;0.899735102773 8.4109517331;0.112204817503 9.51042990082;2.40774940641 7.71600678984;2.00221582782 0.886913219182;0.635364794672 2.73394893703;0.599780793017 2.11759457289;3.96314574087 2.72539166292;2.70958186855 6.20828299771;3.94626752223 0.821552409177;3.52834550879 1.45094109682;1.91905585718 7.61238112936;0.869337615984 8.33178555212;1.89931813814 6.75018576283;3.69282956579 3.72800189233;1.0719951788 5.65666246625;0.233462899257 5.47713504006;5.63828836787 0.875965248805;1.96426376016 7.45617796851;1.72669213168 5.8613412935;1.00980657863 1.41915715434;3.53876768119 1.47806934654;5.51171539855 0.300932427655;0.609423335672 5.18963305998;3.90536407709 4.09789831895;3.12872058864 1.7752367467;1.24923430241 2.11774282073;1.89092650623 1.12054200665;0.00167988378062 4.0439104799;2.4742474336 1.90896348564;0.447878917392 11.2676084923;6.25016108931 0.0276227841294;0.602632043479 9.01581091329;3.33466188148 0.898959197046;1.63381895578 4.08537453877;5.99786380001 0.468606024074;4.9773695983 0.16691517805;2.04869097325 7.26130116908;1.54320773689 4.64629911931;1.8299703104 2.81315187057;1.54230434318 4.40650770196;2.22479431781 2.29004080226;0.0200463393088 2.1210483578;0.778182738643 6.7241068832;4.28565435627 2.76437623478;1.26358914258 3.18287762238;0.247989500397 7.15336169745;0.340161894578 3.37130696771;4.7985537456 0.744664758746;2.00650573163 1.57283329172;4.49124129825 0.3793915984;4.80745591385 0.612612582863;2.16229964538 5.06993435376;5.75088912232 0.509350271818;2.97042826904 0.178303109239;1.39594649359 2.26783969846;5.42604665456 1.31112061566;5.95716190661 0.237484311572;0.960893831988 10.3578229976;0.661557150436 4.15925532726;1.27197446379 8.14059094577;0.235857052683 11.5900696374;3.42577628825 0.868983626371;3.43306287973 2.8871446832;1.1858089531 5.27832524303;2.30128264213 3.14190134539;0.542867760644 8.11227629719;0.16550163088 7.934260404;2.79561735592 6.68483520159;6.18859328579 0.147339474907;2.1482639841 4.88594574779;1.49445672877 2.96513328455;6.23404045302 0.00724784671647;4.31396101981 1.3097718574;1.10069560177 8.49426989157;2.87520886529 4.22927927329;5.3967489426 1.56320299033;1.56845027378 6.1961167537;1.76350569725 8.82555319998;3.3120358634 1.94338169147;3.33654592222 1.03583458977;2.96053687448 3.47460583577;2.68515884207 5.80197150095;3.92231420022 0.357833289667;3.44754378631 5.26891080681;4.15303128445 1.1067860146;0.545064232786 8.25855081571;3.62668897682 3.0313652695;5.34286700695 0.459385511993;1.61121893985 0.622677094778;6.1042311066 0.1664659147;5.70298988053 0.198836625031;4.79081765898 1.18122615291;2.30439066755 1.37914100808;3.35863548059 5.1848606887;2.84604688424 0.429850142126;4.25298065989 0.29650537137;2.87785023806 2.42013168776;0.289663756651 7.07492090646;6.1801894068 0.186724464049;3.57511660214 3.06080675734;5.44935664534 0.709201021258;3.07331662172 3.16375967312;5.2556863415 0.337915444215;0.211417944294 5.32295898066;2.02278746409 2.21424256966;1.14027881452 1.38444550503;0.789620856885 1.78382667315;2.01170242827 2.36222830977;5.03617401941 1.39555801267;1.58800800626 0.360014371487;4.542687661 0.164901145652;0.460413753161 5.61777661993;4.34457073152 0.181168060433;0.957177492905 4.51853738747;5.88763996037 0.0560486207507;4.63196081707 1.71745664027;1.6371927913 7.22698714596;1.88178562484 0.343393009298;6.10574042651 0.217458789091;5.82634096349 0.392012854796;1.69025227912 7.72435978188;4.99413052261 0.0208344047319;5.00317109784 2.29979645171;6.15954945675 0.113316573903;0.205597077865 2.02159269722;0.232230138063 4.99400107321;3.10128537301 0.460095450179;1.40399436644 3.99123577139;6.09443902526 0.0468964675058;0.922673894146 